 0.000  -0.3800   0.5100   1.5708   0.0000   0.0025   0.0000
 0.640  -0.3988   0.6088   1.5708  -0.1546   0.2802   0.0000
 0.910  -0.4625   0.6915   1.5708  -0.3185   0.3249   0.0000
 1.110  -0.5400   0.7559   1.5708  -0.4644   0.3038   0.0000
 1.290  -0.6404   0.7895   1.5708  -0.6445  -0.0260   0.0000
 1.440  -0.7427   0.7854   1.5708  -0.7194  -0.0290   0.0000
 1.580  -0.8483   0.7811   1.5708  -0.7894  -0.0318   0.0000
 1.710  -0.9552   0.7768   1.5708  -0.8543  -0.0344   0.0000
 1.830  -1.0613   0.7725   1.5708  -0.9143  -0.0368   0.0000
 1.940  -1.1649   0.7684   1.5708  -0.9692  -0.0391   0.0000
 2.050  -1.2739   0.7640   1.5708  -0.9992  -0.0403   0.0000
 2.160  -1.3837   0.7595   1.5708  -0.9902  -0.0399   0.0000
 2.270  -1.4896   0.7553   1.5708  -0.9352  -0.0377   0.0000
 2.390  -1.5983   0.7509   1.5708  -0.8753  -0.0353   0.0000
 2.510  -1.6997   0.7468   1.5708  -0.8153  -0.0329   0.0000
 2.640  -1.8015   0.7427   1.5708  -0.7504  -0.0302   0.0000
 2.780  -1.9016   0.7387   1.5708  -0.6804  -0.0274   0.0000
 2.940  -2.0041   0.7345   1.5708  -0.6005  -0.0242   0.0000
 3.120  -2.1041   0.7305   1.5708  -0.5106  -0.0206   0.0000
 3.340  -2.2043   0.7265   1.5708  -0.4007  -0.0161   0.0000
 3.650  -2.3045   0.7224   1.5708  -0.2458  -0.0099   0.0000
 4.140  -2.3650   0.7200   1.5708   0.0000   0.0000   0.0000
